================================================================================
Exp 181 DYNAMICS AUDIT — DIAGNOSTIC ONLY
Deterministic Phase-W rerun with per-step instrumentation
Verdict unchanged: NEGATIVE (no-resistance)
================================================================================

TABLE 1: Identity dynamics per arm/seed/burst
  gap_start = v_fav - v_burst_color at burst onset snapshot
  gap_end   = v_fav - v_burst_color at burst end snapshot
  D_b       = pi_end[burst_color] - pi_start[burst_color]  (directed drift)
  TV_b      = 0.5 * sum|pi_end - pi_start|  (whole-vector movement)

       arm  seed  bi   f   c  gap_start    gap_end        D_b       TV_b
------------------------------------------------------------------------
  baseline   210   0   2   1   146.3468  -564.8743     0.1572     0.1572
  baseline   210   1   1   0   339.8162  -416.9157     0.1689     0.1689
  baseline   210   2   0   2   250.4738  -457.9641     0.1537     0.1537
  baseline   211   0   2   1    65.9253  -628.4055     0.1547     0.1547
  baseline   211   1   1   0   312.7115  -440.1280     0.1606     0.1606
  baseline   211   2   0   2   288.3359  -429.3360     0.1551     0.1551
  baseline   212   0   2   1   157.3610  -556.5321     0.1560     0.1560
  baseline   212   1   1   0   333.9524  -423.1399     0.1644     0.1644
  baseline   212   2   0   2   272.1577  -441.9036     0.1559     0.1559
  baseline   213   0   2   1   125.7708  -581.1094     0.1559     0.1559
  baseline   213   1   1   0   330.2675  -424.5635     0.1645     0.1645
  baseline   213   2   0   2   293.5425  -425.4138     0.1576     0.1576
  baseline   214   0   2   1   105.1284  -596.8949     0.1558     0.1558
  baseline   214   1   1   0   305.2711  -444.9665     0.1648     0.1648
  baseline   214   2   0   2   377.5356  -359.5933     0.1610     0.1610
  baseline   215   0   2   1   224.2485  -502.5765     0.1580     0.1580
  baseline   215   1   1   0   329.6379  -426.3235     0.1678     0.1678
  baseline   215   2   0   2   398.9809  -342.6452     0.1614     0.1614
  baseline   216   0   2   1   173.0135  -542.5979     0.1575     0.1575
  baseline   216   1   1   0   303.6828  -445.4698     0.1653     0.1653
  baseline   216   2   0   2   372.1133  -362.9592     0.1592     0.1592
  baseline   217   0   2   1   215.1884  -509.5037     0.1580     0.1580
  baseline   217   1   1   0   325.0403  -428.6224     0.1619     0.1619
  baseline   217   2   0   2   352.0383  -378.7742     0.1573     0.1573
        n4   210   0   2   1   124.0085  -240.8947     0.1001     0.1001
        n4   210   1   2   0   235.4491  -201.4002     0.1238     0.1238
        n4   210   2   0   1   148.3210  -302.5671     0.1255     0.1255
        n4   211   0   2   1    90.1287  -319.8144     0.1196     0.1196
        n4   211   1   1   0   176.8752  -274.1902     0.1298     0.1298
        n4   211   2   0   1   147.8101  -329.4291     0.1350     0.1350
        n4   212   0   2   1   176.8137  -208.9696     0.1052     0.1052
        n4   212   1   1   0   161.8257  -260.3522     0.1192     0.1192
        n4   212   2   0   2   179.7481  -290.5830     0.1340     0.1340
        n4   213   0   2   1   115.5239  -217.0725     0.0952     0.0952
        n4   213   1   1   0   138.3111  -257.1811     0.1208     0.1208
        n4   213   2   0   1   136.6769  -297.2327     0.1261     0.1261
        n4   214   0   2   1    76.0716  -229.0600     0.0928     0.0928
        n4   214   1   2   0   131.6525  -260.4158     0.1193     0.1193
        n4   214   2   0   2   226.1829  -177.5205     0.1128     0.1128
        n4   215   0   2   1   241.5095   -43.1832     0.0705     0.0705
        n4   215   1   2   0   183.1879  -208.4558     0.1123     0.1123
        n4   215   2   0   2   226.9809  -145.0552     0.1038     0.1038
        n4   216   0   2   1   160.8394  -194.0425     0.1013     0.1013
        n4   216   1   1   0   122.4065  -329.0997     0.1362     0.1362
        n4   216   2   0   2   230.3803  -176.1945     0.1132     0.1132
        n4   217   0   2   1   193.3316  -195.2870     0.1019     0.1019
        n4   217   1   1   0   161.5701  -299.1511     0.1283     0.1283
        n4   217   2   0   2   244.0572  -209.7619     0.1241     0.1241
      c0.3   210   0   2   1    57.7739  -158.5522     0.1173     0.1173
      c0.3   210   1   1   0    98.3323  -127.9164     0.1462     0.1462
      c0.3   210   2   0   2    74.3187  -138.0370     0.1449     0.1449
      c0.3   211   0   2   1    33.6475  -177.6116     0.1159     0.1159
      c0.3   211   1   1   0    90.2008  -134.8801     0.1401     0.1401
      c0.3   211   2   0   2    85.6773  -129.4485     0.1461     0.1461
      c0.3   212   0   2   1    61.0782  -156.0496     0.1166     0.1166
      c0.3   212   1   1   0    96.5731  -129.7836     0.1429     0.1429
      c0.3   212   2   0   2    80.8238  -133.2188     0.1468     0.1468
      c0.3   213   0   2   1    51.6011  -163.4228     0.1166     0.1166
      c0.3   213   1   1   0    95.4676  -130.2107     0.1430     0.1430
      c0.3   213   2   0   2    87.2393  -128.2719     0.1483     0.1483
      c0.3   214   0   2   1    45.4084  -168.1584     0.1165     0.1165
      c0.3   214   1   1   0    87.9687  -136.3316     0.1432     0.1432
      c0.3   214   2   0   2   112.4372  -108.5257     0.1514     0.1514
      c0.3   215   0   2   1    81.1445  -139.8629     0.1176     0.1176
      c0.3   215   1   1   0    95.2788  -130.7387     0.1454     0.1454
      c0.3   215   2   0   2   118.8708  -103.4413     0.1517     0.1517
      c0.3   216   0   2   1    65.7739  -151.8693     0.1173     0.1173
      c0.3   216   1   1   0    87.4922  -136.4826     0.1436     0.1436
      c0.3   216   2   0   2   110.8105  -109.5355     0.1497     0.1497
      c0.3   217   0   2   1    78.4264  -141.9411     0.1176     0.1176
      c0.3   217   1   1   0    93.8995  -131.4284     0.1410     0.1410
      c0.3   217   2   0   2   104.7880  -114.2800     0.1481     0.1481
      c0.1   210   0   2   1    32.4674   -42.4602     0.0680     0.0680
      c0.1   210   1   2   0    29.4498   -45.3196     0.1058     0.1058
      c0.1   210   2   0   1    25.2190   -48.1433     0.1289     0.1289
      c0.1   211   0   2   1    24.4253   -48.8133     0.0675     0.0675
      c0.1   211   1   1   0    26.6264   -47.6664     0.1027     0.1027
      c0.1   211   2   0   2    27.7748   -43.7664     0.1254     0.1254
      c0.1   212   0   2   1    33.5688   -41.6260     0.0677     0.0677
      c0.1   212   1   1   0    28.7505   -45.9676     0.1042     0.1042
      c0.1   212   2   0   1    26.3934   -47.3611     0.1300     0.1300
      c0.1   213   0   2   1    30.4098   -44.0837     0.0677     0.0677
      c0.1   213   1   1   0    28.3820   -46.1099     0.1042     0.1042
      c0.1   213   2   0   2    28.2955   -43.3742     0.1270     0.1270
      c0.1   214   0   2   1    28.3456   -45.6623     0.0677     0.0677
      c0.1   214   1   1   0    25.8823   -48.1502     0.1043     0.1043
      c0.1   214   2   0   2    36.6948   -36.7922     0.1292     0.1292
      c0.1   215   0   2   1    40.2576   -36.2304     0.0680     0.0680
      c0.1   215   1   1   0    28.3190   -46.2859     0.1055     0.1055
      c0.1   215   2   0   2    38.8393   -35.0973     0.1295     0.1295
      c0.1   216   0   2   1    35.1341   -40.2326     0.0679     0.0679
      c0.1   216   1   1   0    25.7235   -48.2006     0.1045     0.1045
      c0.1   216   2   0   2    36.1526   -37.1287     0.1280     0.1280
      c0.1   217   0   2   1    39.3516   -36.9232     0.0680     0.0680
      c0.1   217   1   1   0    27.8592   -46.5158     0.1031     0.1031
      c0.1   217   2   0   2    34.1451   -38.7102     0.1268     0.1268
     c0.05   210   0   2   1    26.1408   -13.4372     0.0417     0.0417
     c0.05   210   1   2   0    16.1718   -21.5217     0.0749     0.0749
     c0.05   210   2   0   1    13.6585   -23.2465     0.1076     0.1076
     c0.05   211   0   2   1    22.1197   -16.6138     0.0415     0.0415
     c0.05   211   1   1   0    10.7327   -25.8630     0.0734     0.0734
     c0.05   211   2   0   1    13.8822   -23.1654     0.1073     0.1073
     c0.05   212   0   2   1    26.6915   -13.0201     0.0416     0.0416
     c0.05   212   1   1   0    11.7948   -25.0136     0.0741     0.0741
     c0.05   212   2   0   1    14.2457   -22.8554     0.1084     0.1084
     c0.05   213   0   2   1    25.1120   -14.2490     0.0416     0.0416
     c0.05   213   1   1   0    11.6105   -25.0847     0.0741     0.0741
     c0.05   213   2   0   2    13.5595   -22.1498     0.1045     0.1045
     c0.05   214   0   2   1    24.0799   -15.0382     0.0415     0.0415
     c0.05   214   1   1   0    10.3607   -26.1049     0.0742     0.0742
     c0.05   214   2   0   2    17.7592   -18.8588     0.1061     0.1061
     c0.05   215   0   2   1    30.0359   -10.3223     0.0417     0.0417
     c0.05   215   1   2   0    12.7549   -24.2478     0.0748     0.0748
     c0.05   215   2   0   2    18.8315   -18.0113     0.1062     0.1062
     c0.05   216   0   2   1    27.4741   -12.3234     0.0416     0.0416
     c0.05   216   1   2   0    10.4707   -26.0128     0.0743     0.0743
     c0.05   216   2   0   2    17.4881   -19.0270     0.1052     0.1052
     c0.05   217   0   2   1    29.5829   -10.6687     0.0417     0.0417
     c0.05   217   1   1   0    11.3492   -25.2877     0.0736     0.0736
     c0.05   217   2   0   2    16.4843   -19.8178     0.1044     0.1044
     c0.02   210   0   2   1    22.3448     3.9766     0.0193     0.0193
     c0.02   210   1   2   0     8.2051    -7.2429     0.0400     0.0400
     c0.02   210   2   0   1     6.7222    -8.3085     0.0720     0.0720
     c0.02   211   0   2   1    20.7364     2.7060     0.0193     0.0193
     c0.02   211   1   2   0     3.0876   -11.2934     0.0396     0.0396
     c0.02   211   2   0   1     6.8117    -8.2760     0.0719     0.0719
     c0.02   212   0   2   1    22.5651     4.1434     0.0193     0.0193
     c0.02   212   1   2   0     4.0708   -10.5144     0.0398     0.0398
     c0.02   212   2   0   1     6.9571    -8.1520     0.0723     0.0723
     c0.02   213   0   2   1    21.9333     3.6519     0.0193     0.0193
     c0.02   213   1   2   0     5.1107    -9.6817     0.0398     0.0398
     c0.02   213   2   0   1     6.5819    -8.4550     0.0721     0.0721
     c0.02   214   0   2   1    21.5204     3.3362     0.0192     0.0192
     c0.02   214   1   2   0     5.8718    -9.0688     0.0398     0.0398
     c0.02   214   2   0   1     6.7068    -8.3413     0.0715     0.0715
     c0.02   215   0   2   1    23.9028     5.2225     0.0193     0.0193
     c0.02   215   1   2   0     6.8383    -8.3333     0.0400     0.0400
     c0.02   215   2   0   1     7.3103    -7.8670     0.0717     0.0717
     c0.02   216   0   2   1    22.8781     4.4221     0.0193     0.0193
     c0.02   216   1   2   0     5.9246    -9.0393     0.0398     0.0398
     c0.02   216   2   0   1     6.8270    -8.2294     0.0713     0.0713
     c0.02   217   0   2   1    23.7216     5.0840     0.0193     0.0193
     c0.02   217   1   2   0     3.7088   -10.7837     0.0396     0.0396
     c0.02   217   2   0   1     7.2385    -7.9055     0.0716     0.0716
     c0.01   210   0   2   1    21.0795     9.7812     0.0102     0.0102
     c0.01   210   1   2   1     7.2606    -1.0955     0.0226     0.0226
     c0.01   210   2   1   0     2.6504    -4.7757     0.0463     0.0463
     c0.01   211   0   2   1    20.2753     9.1459     0.0102     0.0102
     c0.01   211   1   2   1     4.9729    -2.8945     0.0225     0.0225
     c0.01   211   2   1   0     2.6371    -4.7771     0.0461     0.0461
     c0.01   212   0   2   1    21.1896     9.8646     0.0102     0.0102
     c0.01   212   1   2   1     5.2521    -2.6721     0.0225     0.0225
     c0.01   212   2   1   0     2.5446    -4.8479     0.0462     0.0462
     c0.01   213   0   2   1    20.8737     9.6188     0.0102     0.0102
     c0.01   213   1   2   1     5.8089    -2.2417     0.0226     0.0226
     c0.01   213   2   1   0     2.7194    -4.7073     0.0462     0.0462
     c0.01   214   0   2   1    20.6673     9.4610     0.0102     0.0102
     c0.01   214   1   2   1     6.4394    -1.7321     0.0226     0.0226
     c0.01   214   2   1   0     2.6769    -4.7474     0.0460     0.0460
     c0.01   215   0   2   1    21.8585    10.4042     0.0102     0.0102
     c0.01   215   1   2   1     6.6790    -1.5520     0.0226     0.0226
     c0.01   215   2   1   0     2.3800    -4.9811     0.0459     0.0459
     c0.01   216   0   2   1    21.3461    10.0040     0.0102     0.0102
     c0.01   216   1   2   1     6.4817    -1.7092     0.0226     0.0226
     c0.01   216   2   1   0     2.6081    -4.8107     0.0460     0.0460
     c0.01   217   0   2   1    21.7679    10.3349     0.0102     0.0102
     c0.01   217   1   2   1     5.1602    -2.7522     0.0225     0.0225
     c0.01   217   2   1   0     2.4222    -4.9567     0.0460     0.0460

TABLE 2: Leak quantities per arm/seed/burst
  L_raw  = sum g_tau*w_tau * 1[obs==burst_color]  over burst
  L_disc = sum LAMBDA^(bend-1-tau) * g_tau*w_tau * 1[obs==burst_color]
  ratio  = L_raw(arm) / L_raw(baseline) for same seed/burst

       arm  seed  bi        L_raw       L_disc     bl_L_raw    ratio
--------------------------------------------------------------------
  baseline   210   0     764.7363     679.9907     764.7363   1.0000
  baseline   210   1     770.0921     684.8486     770.0921   1.0000
  baseline   210   2     737.3371     655.7260     737.3371   1.0000
  baseline   211   0     765.0252     680.2623     765.0252   1.0000
  baseline   211   1     771.6143     686.1067     771.6143   1.0000
  baseline   211   2     737.8038     656.1408     737.8038   1.0000
  baseline   212   0     765.0991     680.3121     765.0991   1.0000
  baseline   212   1     771.2992     685.8267     771.2992   1.0000
  baseline   212   2     737.6259     655.9827     737.6259   1.0000
  baseline   213   0     764.7597     680.0406     764.7597   1.0000
  baseline   213   1     770.3629     685.0893     770.3629   1.0000
  baseline   213   2     737.9989     656.3142     737.9989   1.0000
  baseline   214   0     764.1757     679.5889     764.1757   1.0000
  baseline   214   1     770.3667     685.0926     770.3667   1.0000
  baseline   214   2     738.3817     656.5627     738.3817   1.0000
  baseline   215   0     764.2573     679.6614     764.2573   1.0000
  baseline   215   1     771.0435     685.6165     771.0435   1.0000
  baseline   215   2     738.2935     656.4833     738.2935   1.0000
  baseline   216   0     763.9343     679.3744     763.9343   1.0000
  baseline   216   1     770.2400     684.9801     770.2400   1.0000
  baseline   216   2     738.0224     656.3351     738.0224   1.0000
  baseline   217   0     764.0501     679.4772     764.0501   1.0000
  baseline   217   1     770.3210     685.0521     770.3210   1.0000
  baseline   217   2     738.1255     656.4267     738.1255   1.0000
        n4   210   0     375.2954     338.4398     764.7363   0.4908
        n4   210   1     433.2826     386.6044     770.0921   0.5626
        n4   210   2     469.7604     419.9758     737.3371   0.6371
        n4   211   0     435.2700     390.7096     765.0252   0.5690
        n4   211   1     462.9998     413.3202     771.6143   0.6000
        n4   211   2     498.1925     445.6965     737.8038   0.6752
        n4   212   0     389.9736     348.0512     765.0991   0.5097
        n4   212   1     436.0626     387.6442     771.2992   0.5654
        n4   212   2     486.2972     431.9728     737.6259   0.6593
        n4   213   0     349.5603     307.9435     764.7597   0.4571
        n4   213   1     413.4469     366.7141     770.3629   0.5367
        n4   213   2     452.2509     404.7427     737.9989   0.6128
        n4   214   0     322.3909     288.8979     764.1757   0.4219
        n4   214   1     404.4771     364.1806     770.3667   0.5250
        n4   214   2     398.5333     355.4359     738.3817   0.5397
        n4   215   0     256.1941     233.2954     764.2573   0.3352
        n4   215   1     398.1272     352.5514     771.0435   0.5163
        n4   215   2     364.3102     323.5983     738.2935   0.4934
        n4   216   0     364.1004     321.2429     763.9343   0.4766
        n4   216   1     480.3975     426.0182     770.2400   0.6237
        n4   216   2     400.4135     357.9975     738.0224   0.5425
        n4   217   0     385.7706     348.0680     764.0501   0.5049
        n4   217   1     477.3200     426.9953     770.3210   0.6196
        n4   217   2     447.6116     402.4766     738.1255   0.6064
      c0.3   210   0     229.4209     203.9972     764.7363   0.3000
      c0.3   210   1     231.0276     205.4546     770.0921   0.3000
      c0.3   210   2     221.2011     196.7178     737.3371   0.3000
      c0.3   211   0     229.5076     204.0787     765.0252   0.3000
      c0.3   211   1     231.4843     205.8320     771.6143   0.3000
      c0.3   211   2     221.3411     196.8422     737.8038   0.3000
      c0.3   212   0     229.5297     204.0936     765.0991   0.3000
      c0.3   212   1     231.3897     205.7480     771.2992   0.3000
      c0.3   212   2     221.2878     196.7948     737.6259   0.3000
      c0.3   213   0     229.4279     204.0122     764.7597   0.3000
      c0.3   213   1     231.1089     205.5268     770.3629   0.3000
      c0.3   213   2     221.3997     196.8943     737.9989   0.3000
      c0.3   214   0     229.2527     203.8767     764.1757   0.3000
      c0.3   214   1     231.1100     205.5278     770.3667   0.3000
      c0.3   214   2     221.5145     196.9688     738.3817   0.3000
      c0.3   215   0     229.2772     203.8984     764.2573   0.3000
      c0.3   215   1     231.3131     205.6850     771.0435   0.3000
      c0.3   215   2     221.4881     196.9450     738.2935   0.3000
      c0.3   216   0     229.1803     203.8123     763.9343   0.3000
      c0.3   216   1     231.0720     205.4940     770.2400   0.3000
      c0.3   216   2     221.4067     196.9005     738.0224   0.3000
      c0.3   217   0     229.2150     203.8432     764.0501   0.3000
      c0.3   217   1     231.0963     205.5156     770.3210   0.3000
      c0.3   217   2     221.4376     196.9280     738.1255   0.3000
      c0.1   210   0      76.4736      67.9991     764.7363   0.1000
      c0.1   210   1      77.0092      68.4849     770.0921   0.1000
      c0.1   210   2      76.5252      68.0545     737.3371   0.1038
      c0.1   211   0      76.5025      68.0262     765.0252   0.1000
      c0.1   211   1      77.1614      68.6107     771.6143   0.1000
      c0.1   211   2      73.7804      65.6141     737.8038   0.1000
      c0.1   212   0      76.5099      68.0312     765.0991   0.1000
      c0.1   212   1      77.1299      68.5827     771.2992   0.1000
      c0.1   212   2      76.6090      68.1222     737.6259   0.1039
      c0.1   213   0      76.4760      68.0041     764.7597   0.1000
      c0.1   213   1      77.0363      68.5089     770.3629   0.1000
      c0.1   213   2      73.7999      65.6314     737.9989   0.1000
      c0.1   214   0      76.4176      67.9589     764.1757   0.1000
      c0.1   214   1      77.0367      68.5093     770.3667   0.1000
      c0.1   214   2      73.8382      65.6563     738.3817   0.1000
      c0.1   215   0      76.4257      67.9661     764.2573   0.1000
      c0.1   215   1      77.1044      68.5617     771.0435   0.1000
      c0.1   215   2      73.8294      65.6483     738.2935   0.1000
      c0.1   216   0      76.3934      67.9374     763.9343   0.1000
      c0.1   216   1      77.0240      68.4980     770.2400   0.1000
      c0.1   216   2      73.8022      65.6335     738.0224   0.1000
      c0.1   217   0      76.4050      67.9477     764.0501   0.1000
      c0.1   217   1      77.0321      68.5052     770.3210   0.1000
      c0.1   217   2      73.8125      65.6427     738.1255   0.1000
     c0.05   210   0      38.2368      33.9995     764.7363   0.0500
     c0.05   210   1      38.5046      34.2424     770.0921   0.0500
     c0.05   210   2      38.2626      34.0273     737.3371   0.0519
     c0.05   211   0      38.2513      34.0131     765.0252   0.0500
     c0.05   211   1      38.5807      34.3053     771.6143   0.0500
     c0.05   211   2      38.3323      34.0851     737.8038   0.0520
     c0.05   212   0      38.2550      34.0156     765.0991   0.0500
     c0.05   212   1      38.5650      34.2913     771.2992   0.0500
     c0.05   212   2      38.3045      34.0611     737.6259   0.0519
     c0.05   213   0      38.2380      34.0020     764.7597   0.0500
     c0.05   213   1      38.5181      34.2545     770.3629   0.0500
     c0.05   213   2      36.8999      32.8157     737.9989   0.0500
     c0.05   214   0      38.2088      33.9794     764.1757   0.0500
     c0.05   214   1      38.5183      34.2546     770.3667   0.0500
     c0.05   214   2      36.9191      32.8281     738.3817   0.0500
     c0.05   215   0      38.2129      33.9831     764.2573   0.0500
     c0.05   215   1      38.5522      34.2808     771.0435   0.0500
     c0.05   215   2      36.9147      32.8242     738.2935   0.0500
     c0.05   216   0      38.1967      33.9687     763.9343   0.0500
     c0.05   216   1      38.5120      34.2490     770.2400   0.0500
     c0.05   216   2      36.9011      32.8168     738.0224   0.0500
     c0.05   217   0      38.2025      33.9739     764.0501   0.0500
     c0.05   217   1      38.5161      34.2526     770.3210   0.0500
     c0.05   217   2      36.9063      32.8213     738.1255   0.0500
     c0.02   210   0      15.2947      13.5998     764.7363   0.0200
     c0.02   210   1      15.4018      13.6970     770.0921   0.0200
     c0.02   210   2      15.3050      13.6109     737.3371   0.0208
     c0.02   211   0      15.3005      13.6052     765.0252   0.0200
     c0.02   211   1      15.4323      13.7221     771.6143   0.0200
     c0.02   211   2      15.3329      13.6341     737.8038   0.0208
     c0.02   212   0      15.3020      13.6062     765.0991   0.0200
     c0.02   212   1      15.4260      13.7165     771.2992   0.0200
     c0.02   212   2      15.3218      13.6244     737.6259   0.0208
     c0.02   213   0      15.2952      13.6008     764.7597   0.0200
     c0.02   213   1      15.4073      13.7018     770.3629   0.0200
     c0.02   213   2      15.3313      13.6323     737.9989   0.0208
     c0.02   214   0      15.2835      13.5918     764.1757   0.0200
     c0.02   214   1      15.4073      13.7019     770.3667   0.0200
     c0.02   214   2      15.3117      13.6168     738.3817   0.0207
     c0.02   215   0      15.2851      13.5932     764.2573   0.0200
     c0.02   215   1      15.4209      13.7123     771.0435   0.0200
     c0.02   215   2      15.3122      13.6173     738.2935   0.0207
     c0.02   216   0      15.2787      13.5875     763.9343   0.0200
     c0.02   216   1      15.4048      13.6996     770.2400   0.0200
     c0.02   216   2      15.3073      13.6129     738.0224   0.0207
     c0.02   217   0      15.2810      13.5895     764.0501   0.0200
     c0.02   217   1      15.4064      13.7010     770.3210   0.0200
     c0.02   217   2      15.3086      13.6140     738.1255   0.0207
     c0.01   210   0       7.6474       6.7999     764.7363   0.0100
     c0.01   210   1       7.6548       6.8066     770.0921   0.0099
     c0.01   210   2       7.7156       6.8605     737.3371   0.0105
     c0.01   211   0       7.6503       6.8026     765.0252   0.0100
     c0.01   211   1       7.6533       6.8062     771.6143   0.0099
     c0.01   211   2       7.7114       6.8578     737.8038   0.0105
     c0.01   212   0       7.6510       6.8031     765.0991   0.0100
     c0.01   212   1       7.6502       6.8034     771.2992   0.0099
     c0.01   212   2       7.7079       6.8547     737.6259   0.0104
     c0.01   213   0       7.6476       6.8004     764.7597   0.0100
     c0.01   213   1       7.6598       6.8110     770.3629   0.0099
     c0.01   213   2       7.7068       6.8537     737.9989   0.0104
     c0.01   214   0       7.6418       6.7959     764.1757   0.0100
     c0.01   214   1       7.6514       6.8045     770.3667   0.0099
     c0.01   214   2       7.7060       6.8530     738.3817   0.0104
     c0.01   215   0       7.6426       6.7966     764.2573   0.0100
     c0.01   215   1       7.6527       6.8056     771.0435   0.0099
     c0.01   215   2       7.7062       6.8532     738.2935   0.0104
     c0.01   216   0       7.6393       6.7937     763.9343   0.0100
     c0.01   216   1       7.6559       6.8077     770.2400   0.0099
     c0.01   216   2       7.7174       6.8622     738.0224   0.0105
     c0.01   217   0       7.6405       6.7948     764.0501   0.0100
     c0.01   217   1       7.6601       6.8112     770.3210   0.0099
     c0.01   217   2       7.7172       6.8620     738.1255   0.0105

TABLE 3: N4 onset-lag diagnostic (n4 arm)
  g_pre    = g at snapshot si_onset - 1 (the step just before burst onset)
  g_on[0..3] = g at snapshots si_onset, si_onset+1, si_onset+2, si_onset+3
  first100 = sum g*w*1[obs==burst_color] over first 100 burst steps

 seed  bi  bc    g_pre    g_on0    g_on1    g_on2    g_on3   first100
---------------------------------------------------------------------
  210   0   1  0.46404  0.22313  0.37495  0.47539  0.54634    44.3402
  210   1   0  0.96536  0.10693  0.37561  0.63902  0.43115    92.0879
  210   2   1  1.00000  0.13897  0.41449  0.77453  0.38010    94.7899
  211   0   1  1.00000  0.05033  0.30154  0.85794  0.15537    95.4611
  211   1   0  1.00000  0.12381  0.40637  0.76814  0.37653    96.3963
  211   2   1  1.00000  0.13192  0.52624  0.81031  0.40164    95.6705
  212   0   1  1.00000  0.06668  0.28749  0.50244  0.37900    95.6063
  212   1   0  1.00000  0.10715  0.38782  0.80418  0.29918    96.3565
  212   2   2  1.00000  0.19427  0.76103  0.52272  1.00000    91.3511
  213   0   1  0.99135  0.06221  0.22317  0.56046  0.39705    94.4804
  213   1   0  1.00000  0.08658  0.35556  0.73104  0.34939    95.4268
  213   2   1  1.00000  0.10074  0.36677  0.83686  0.22779    95.7728
  214   0   1  0.34487  0.26347  0.33020  0.51812  0.36831    32.6431
  214   1   0  0.28954  0.42060  0.47747  0.51300  0.59479    27.6302
  214   2   2  0.69512  0.21160  0.47590  0.63513  0.47170    64.1132
  215   0   1  0.20392  0.16143  0.20619  0.29941  0.40035    19.3042
  215   1   0  1.00000  0.09582  0.30877  0.70321  0.32419    96.1787
  215   2   2  1.00000  0.08061  0.22095  0.39781  0.61299    92.2304
  216   0   1  1.00000  0.06337  0.29449  0.59077  0.35578    94.6241
  216   1   0  1.00000  0.16464  0.76963  0.38936  1.00000    95.4113
  216   2   2  0.87236  0.12265  0.32685  0.61080  0.46540    79.7345
  217   0   1  1.00000  0.04574  0.17007  0.27378  0.48092    94.6386
  217   1   0  1.00000  0.13615  0.40561  0.86665  0.29320    95.4215
  217   2   2  1.00000  0.11451  0.31199  0.56169  0.59884    91.4138

================================================================================
SELF-VALIDATION
================================================================================
SELF-VALIDATION PASS (n4 leak matches committed record)
  All recomputed L_raw values agree with committed leaked_writing within 1e-3.
  All arm/seed pre_fav and burst_color values match committed rows.

Meta: verdict unchanged = NEGATIVE (no-resistance)
Source: deterministic rerun of exp181 Phase W with per-step instrumentation
================================================================================
