====================================================================================================
Exp 250b — FINE transition-zone coexistence sweep (decoupled births). horizon=1000 seeds=[0, 1, 2]
====================================================================================================
 rate     K n_pred  capR   t_end  prey_eq  pred_eq minPredTail  cv_prey  BOTH@end
----------------------------------------------------------------------------------------------------
 0.40   200      3  0.35   693.7    154.3     44.9         0.0    0.452     False
 0.40   200      3  0.40   708.3    170.7     20.1         0.0    0.266     False
 0.40   200      3  0.45  1000.0    192.4      0.0         0.0    0.063     False
 0.40   200      4  0.35  1000.0    214.2      0.0         0.0    0.164     False
 0.40   200      4  0.40   371.3    104.5     62.3         0.0    1.028     False
 0.40   200      4  0.45  1000.0    192.3      0.0         0.0    0.051     False
 0.40   300      3  0.35  1000.0    287.4      0.0         0.0    0.045     False
 0.40   300      3  0.40  1000.0    288.1      0.0         0.0    0.057     False
 0.40   300      3  0.45   718.0    272.8     28.1         0.0    0.278     False
 0.40   300      4  0.35  1000.0    297.7      0.0         0.0    0.093     False
 0.40   300      4  0.40  1000.0    287.3      0.0         0.0    0.043     False
 0.40   300      4  0.45    68.3     94.5    175.3         0.0    1.216     False
 0.50   200      3  0.35  1000.0    194.6      0.0         0.0    0.051     False
 0.50   200      3  0.40   690.3    158.1     54.8         0.0    0.484     False
 0.50   200      3  0.45   686.0    153.7     39.4         0.0    0.524     False
 0.50   200      4  0.35  1000.0    195.1      0.0         0.0    0.047     False
 0.50   200      4  0.40   684.7    146.1     37.7         0.0    0.569     False
 0.50   200      4  0.45   723.3    182.0     25.6         0.0    0.262     False
 0.50   300      3  0.35   725.3    264.4     32.0         0.0    0.234     False
 0.50   300      3  0.40  1000.0    290.1      0.0         0.0    0.048     False
 0.50   300      3  0.45  1000.0    303.6      0.0         0.0    0.083     False
 0.50   300      4  0.35   685.3    226.9     44.6         0.0    0.531     False
 0.50   300      4  0.40   689.3    221.6     48.5         0.0    0.555     False
 0.50   300      4  0.45  1000.0    290.6      0.0         0.0    0.048     False

COEXISTENCE regimes (both roles alive at t=1000, ALL seeds): 0
